%Traffic Warning
ImpoDist(1,:,:) = [0.00	555.56	1111.11	2777.78	5555.56	11111.11;
555.56	1111.11	1666.67	3333.33	6111.11	11666.67;
1111.11	1666.67	2222.22	3888.89	6666.67	12222.22;
2777.78	3333.33	3888.89	5555.56	8333.33	13888.89;
5555.56	6111.11	6666.67	8333.33	11111.11	16666.67;
11111.11	11666.67	12222.22	13888.89	16666.67	22222.22];
%Deconf
ImpoDist(2,:,:) = [0.00	347.22	694.44	1736.11	3472.22	6944.44;
347.22	694.44	1041.67	2083.33	3819.44	7291.67;
694.44	1041.67	1388.89	2430.56	4166.67	7638.89;
1736.11	2083.33	2430.56	3472.22	5208.33	8680.56;
3472.22	3819.44	4166.67	5208.33	6944.44	10416.67;
6944.44	7291.67	7638.89	8680.56	10416.67	13888.89];
%Escape
ImpoDist(3,:,:) = [0.00	20.83	41.67	104.17	208.33	416.67;
20.83	41.67	62.50	125.00	229.17	437.50;
41.67	62.50	83.33	145.83	250.00	458.33;
104.17	125.00	145.83	208.33	312.50	520.83;
208.33	229.17	250.00	312.50	416.67	625.00;
416.67	437.50	458.33	520.83	625.00	833.33];
%ProtectedZone
ImpoDist(4,:,:) = [0    0.2604    0.5209    1.3021    2.6041    5.2084;
0.2604    0.5209    0.7813    1.5625    2.8646    5.4688;
0.5209    0.7813    1.0416    1.8229    3.1250    5.7291;
1.3021    1.5625    1.8229    2.6041    3.9063    6.5104;
2.6041    2.8646    3.1250    3.9063    5.2084    7.8125;
5.2084    5.4688    5.7291    6.5104    7.8125   10.4166];
				
ImpoVelo = [0.01 13.89 27.78 69.44 138.89];


save CASData ImpoDist ImpoVelo
